
172.16.114.50:25 <-> 172.16.114.207:1025
22
1
-1
1
-1
1
-1
1
-1
1
-1
-1
1
-1
1
-1
1
-1
-1
1
-1
-1
1
0
-7.3022804470466
-8.85266592769502
-3.28085761722407
-6.60247889813035
-7.36346160353016
-7.75405363902691
-5.00923627318273
-8.06611757206899
-4.23629990834919
-4.22188252282464
-8.24716605420578
-7.40698176690108
-6.83172059270877
-4.3139194886591
-7.90200755233506
-3.93161365519304
-2.26594462889905
-8.46840302726775
-6.75417619104965
-7.17825252668089
-8.77208544104851
60
60
60
123
80
221
95
102
92
60
104
60
104
1078
60
349
60
98
60
83
60
60
SMTP

172.16.113.105:79 <-> 196.37.75.158:1024
12
1
-1
1
1
-1
1
-1
-1
-1
1
1
-1
0
-7.94904250101952
-5.88422579644062
-8.56323712991272
-4.46924166876362
-7.26300267093055
-3.95097175556675
-0.726236648271973
-9.84521864452375
-7.0504715811843
-5.38889874477894
-8.82507797119681
60
60
60
60
60
60
60
329
60
60
60
60
NONE

172.16.114.207:1024 <-> 195.73.151.50:25
25
1
-1
1
-1
1
1
-1
1
-1
1
-1
1
-1
1
-1
1
-1
1
-1
1
-1
-1
1
1
-1
0
-5.35192913599654
-8.55801518594475
-1.39014576827607
-4.3434214955625
-3.78406964111787
-7.12342681545231
-7.76577710274336
-7.08568648746979
-8.12177841917431
-7.10134002805299
-8.02861317659401
-7.15493540812014
-8.18072095480751
-6.41856195534126
-6.8097215387103
-4.02586382185226
-7.87271118282601
-6.06360522488717
-8.44023215027191
-7.20886037176551
-7.49654244422049
-8.7592647526063
-5.19018070794286
-7.10498744851811
60
60
60
138
60
80
80
80
102
95
102
89
88
60
104
1078
60
349
73
60
78
60
60
60
60
SMTP
