0 20.128000
1 16.665998
2 16.667000
3 16.667000
4 16.710999
5 16.667000
6 16.711006
7 16.711998
8 16.710999
9 16.712006
10 16.710999
11 16.755997
12 16.712006
13 16.755997
14 16.755997
15 16.756989
16 16.756012
17 16.756012
18 16.755981
19 16.757019
20 16.800995
21 16.755981
22 1.154022
23 1.153992
24 1.153992
25 1.153992
26 1.154022
27 1.153992
28 1.153992
29 1.154022
30 1.153992
31 1.153992
32 1.153992
33 1.154022
34 1.153992
35 1.153992
36 1.153992
37 1.154022
38 1.153992
39 1.153992
40 1.154022
41 1.153992
42 1.153992
43 1.153992
44 1.154022
45 1.153992
46 1.153992
47 1.153992
48 1.154022
49 1.153992
50 1.153992
51 1.154022
52 1.153992
53 1.153992
54 1.153992
55 1.154022
56 1.153992
57 1.153992
58 1.153992
59 1.154022
60 1.153992
61 1.153992
62 1.154022
63 1.153992
64 1.153992
65 1.153992
66 1.154022
67 1.153992
68 1.153992
69 1.153992
70 18.891022
71 1.153992
72 1.153992
73 1.154022
74 1.153992
75 1.153992
76 1.153992
77 1.154022
78 1.153992
79 1.153992
80 1.153992
81 1.154022
82 1.153992
83 1.153992
84 1.154022
85 1.153992
86 1.153992
87 1.153992
88 1.154022
89 1.153992
90 1.153992
91 1.153992
92 1.154022
93 1.153992
94 1.153992
95 1.154022
96 1.153992
97 17.710999
98 1.153992
99 1.153992
100 1.154022
101 1.153992
102 1.153992
103 1.153992
104 1.154022
105 1.153992
106 1.153992
107 1.154022
108 1.153992
109 1.153992
110 1.153992
111 1.154022
112 1.153992
113 1.153992
114 1.153992
115 1.153992
116 1.154053
117 1.153992
118 18.586975
119 1.153992
120 1.153992
121 1.153992
122 1.154053
123 1.153992
124 1.153992
125 1.153992
126 1.153992
127 1.153992
128 1.153992
129 1.154053
130 1.153992
131 1.153992
132 1.153992
133 1.153992
134 1.153992
135 1.153992
136 19.898010
137 1.153992
138 1.153992
139 1.154053
140 1.153992
141 1.153992
142 1.153992
143 1.153992
144 1.153992
145 1.153992
146 1.154053
147 1.153992
148 1.153992
149 1.153992
150 1.153992
151 1.153992
152 23.953003
153 1.153992
154 1.153992
155 1.154053
156 1.153992
157 1.153992
158 1.153992
159 1.153992
160 1.153992
161 1.153992
162 1.154053
163 1.153992
164 1.153992
165 1.153992
166 1.153992
167 16.057983
168 1.153992
169 1.154053
170 1.153992
171 1.153992
172 1.153992
173 1.153992
174 1.153992
175 1.153992
176 1.154053
177 1.153992
178 1.153992
179 1.153992
180 19.036987
181 1.153992
182 1.153992
183 1.154053
184 1.153992
185 1.153992
186 1.153992
187 1.153992
188 1.153992
189 1.153992
190 1.154053
191 1.153992
192 1.153992
193 19.753967
194 1.154053
195 1.153992
196 1.153992
197 1.153992
198 1.153992
199 1.153992
200 1.153992
201 1.153992
202 1.154053
203 1.153992
204 1.153992
205 19.698975
206 1.153992
207 1.154053
208 1.153992
209 1.153992
210 1.153992
211 1.153992
212 1.153992
213 1.153992
214 1.154053
215 1.153992
216 21.434998
217 1.153992
218 1.153992
219 1.153992
220 1.153992
221 1.153992
222 1.153992
223 1.154053
224 1.153992
225 1.153992
226 1.153992
227 19.374023
228 1.153992
229 1.153992
230 1.153992
231 1.153992
232 1.153992
233 1.153992
234 1.154053
235 1.153992
236 1.153992
237 24.380981
238 1.153992
239 1.153992
240 1.154053
241 1.153992
242 1.153992
243 1.153992
244 1.153992
245 1.153992
246 1.153992
247 23.171021
248 1.153992
249 1.153992
250 1.153992
251 1.154053
252 1.153992
253 1.153992
254 1.153992
255 1.153992
256 21.816040
257 1.153992
258 1.153992
259 1.153992
260 1.153992
261 1.153992
262 1.153992
263 1.153992
264 1.154053
265 24.549988
266 1.153992
267 1.153992
268 1.153992
269 1.153992
270 1.153992
271 1.154053
272 1.153992
273 1.153992
274 22.218994
275 1.153992
276 1.153992
277 1.153992
278 1.154053
279 1.153992
280 1.153992
281 1.153992
282 1.153992
283 16.978027
284 1.153992
285 1.153992
286 1.153992
287 1.153992
288 1.153992
289 1.153992
290 1.154053
291 28.570923
292 1.154053
293 1.154053
294 1.153931
295 1.154053
296 1.153931
297 1.154053
298 1.153931
299 17.639038
300 1.154053
301 1.153931
302 1.154053
303 1.153931
304 1.154053
305 1.154053
306 1.153931
307 15.488037
308 1.153931
309 1.154053
310 1.153931
311 1.154053
312 1.154053
313 1.153931
314 1.154053
315 18.220947
316 1.154053
317 1.153931
318 1.154053
319 1.153931
320 1.154053
321 1.154053
322 1.153931
323 17.863037
324 1.153931
325 1.154053
326 1.154053
327 1.153931
328 1.154053
329 1.153931
330 15.880981
331 1.154053
332 1.153931
333 1.154053
334 1.154053
335 1.153931
336 1.154053
337 18.523926
338 1.154053
339 1.153931
340 1.154053
341 1.154053
342 1.153931
343 1.154053
344 15.656006
345 1.153931
346 1.154053
347 1.154053
348 1.153931
349 1.154053
350 1.153931
351 19.151978
352 1.154053
353 1.153931
354 1.154053
355 1.154053
356 1.153931
357 1.154053
358 19.285034
359 1.153931
360 1.153931
361 1.154053
362 1.154053
363 1.153931
364 1.154053
365 16.418945
366 1.154053
367 1.153931
368 1.154053
369 1.154053
370 1.153931
371 1.154053
372 20.046997
373 1.153931
374 1.154053
375 1.153931
376 1.154053
377 1.154053
378 1.153931
379 20.137085
380 1.153931
381 1.153931
382 1.154053
383 1.154053
384 1.153931
385 15.825073
386 1.153931
387 1.154053
388 1.153931
389 1.154053
390 1.154053
391 20.170898
392 1.154053
393 1.154053
394 1.153931
395 1.154053
396 1.153931
397 19.812012
398 1.154053
399 1.153931
400 1.154053
401 1.153931
402 1.154053
403 17.661987
404 1.154053
405 1.153931
406 1.154053
407 1.153931
408 1.154053
409 19.544067
410 1.153931
411 1.153931
412 1.154053
413 1.154053
414 1.153931
415 24.113037
416 1.153931
417 1.154053
418 1.154053
419 1.153931
420 1.154053
421 20.171021
422 1.153931
423 1.153931
424 1.154053
425 1.154053
426 1.154053
427 17.706909
428 1.153931
429 1.154053
430 1.154053
431 1.154053
432 1.153931
433 21.828003
434 1.154053
435 1.153931
436 1.153931
437 1.154053
438 1.154053
439 20.530029
440 1.153931
441 1.153931
442 1.154053
443 1.154053
444 1.154053
445 20.752930
446 1.154053
447 1.153931
448 1.153931
449 1.154053
450 1.154053
451 19.587891
452 1.154053
453 1.154053
454 1.154053
455 1.153931
456 20.114990
457 1.153931
458 1.154053
459 1.154053
460 1.154053
461 19.891846
462 1.154053
463 1.154053
464 1.154053
465 1.153931
466 19.039917
467 1.154053
468 1.154053
469 1.154053
470 1.153931
471 20.160034
472 1.153931
473 1.153931
474 1.154053
475 1.154053
476 18.635986
477 1.154053
478 1.153931
479 1.153931
480 1.154053
481 21.145996
482 1.154053
483 1.154053
484 1.153931
485 1.153931
486 20.562988
487 1.154053
488 1.154053
489 1.154053
490 1.153931
491 19.084961
492 1.154053
493 1.153931
494 1.154053
495 1.154053
496 21.548950
497 1.153931
498 1.154053
499 1.154053
500 1.153931
501 20.965942
502 1.154053
503 1.154053
504 1.154053
505 1.153931
506 19.487915
507 1.154053
508 1.154053
509 1.154053
510 1.153931
511 22.535034
512 1.153931
513 1.153931
514 1.154053
515 1.154053
516 16.485962
517 1.154053
518 1.153931
519 1.154053
520 1.154053
521 21.548950
522 1.153931
523 1.154053
524 1.154053
525 1.153931
526 22.400024
527 1.154053
528 1.153931
529 1.154053
530 1.153931
531 19.488037
532 1.153931
533 1.154053
534 1.154053
535 1.153931
536 22.668945
537 1.154053
538 1.154053
539 1.154053
540 1.153809
541 22.803223
542 1.153809
543 1.154053
544 1.154053
545 1.154053
546 22.265869
547 1.154053
548 1.154053
549 1.154053
550 1.153809
551 23.072021
552 1.154053
553 1.154053
554 1.154053
555 1.153809
556 22.534180
557 1.153809
558 1.154053
559 1.154053
560 1.154053
561 20.205078
562 1.153809
563 1.154053
564 1.154053
565 1.154053
566 15.993896
567 1.154053
568 1.154053
569 1.153809
570 20.910156
571 1.153809
572 1.154053
573 1.154053
574 18.850098
575 1.153809
576 1.154053
577 1.154053
578 22.300049
579 1.154053
580 1.153809
581 1.154053
582 18.088135
583 1.153809
584 1.154053
585 1.154053
586 22.703125
587 1.153809
588 1.154053
589 1.154053
590 24.897949
591 1.154053
592 1.154053
593 1.153809
594 22.568115
595 1.154053
596 1.153809
597 1.154053
598 19.881104
599 1.154053
600 1.153809
601 1.154053
602 22.299072
603 1.154053
604 1.153809
605 1.154053
606 21.761963
607 1.154053
608 1.154053
609 1.154053
610 20.149902
611 1.154053
612 1.154053
613 1.154053
614 22.567871
615 1.154053
616 1.154053
617 1.153809
618 18.895020
619 1.154053
620 1.154053
621 1.154053
622 23.553955
623 1.154053
624 1.154053
625 1.153809
626 22.836914
627 1.154053
628 1.154053
629 1.154053
630 22.255127
631 1.153809
632 1.154053
633 1.154053
634 20.687012
635 1.153809
636 1.154053
637 1.154053
638 23.150879
639 1.154053
640 1.154053
641 1.154053
642 22.522949
643 1.154053
644 1.154053
645 1.154053
646 20.328857
647 1.154053
648 1.153809
649 1.154297
650 24.001953
651 1.153809
652 1.154053
653 1.154053
654 22.836914
655 1.154053
656 1.154053
657 1.154053
658 22.881836
659 1.154053
660 1.154053
661 1.154053
662 26.734863
663 1.154053
664 1.154053
665 1.153809
666 23.913086
667 1.154053
668 1.154053
669 1.153809
670 20.104004
671 1.154053
672 1.154053
673 1.154053
674 25.345947
675 1.154053
676 1.154053
677 1.153809
678 23.330078
679 1.154053
680 1.154053
681 1.153809
682 24.092041
683 1.154053
684 1.154053
685 1.154053
686 23.553955
687 1.154053
688 1.153809
689 1.154053
690 23.599121
691 1.154053
692 1.153809
693 1.154053
694 22.388916
695 1.154053
696 1.154053
697 1.154053
698 15.355957
699 1.154053
700 1.154053
701 1.153809
702 15.982178
703 1.153809
704 1.154053
705 1.154053
706 24.629883
707 1.154053
708 1.154053
709 1.154053
710 24.045898
711 1.154053
712 1.154053
713 1.154053
714 24.808838
715 1.154053
716 1.154053
717 1.154053
718 24.270996
719 1.153809
720 1.154053
721 1.154053
722 24.315918
723 1.154053
724 1.154053
725 1.154053
726 20.687012
727 1.153809
728 1.154053
729 1.154053
730 16.160889
731 1.154053
732 1.154053
733 1.154053
734 16.968018
735 1.153809
736 1.154053
737 1.154053
738 16.341064
739 1.154053
740 1.153809
741 1.154053
742 16.430908
743 1.154053
744 1.154053
745 1.154053
746 17.191895
747 1.154053
748 1.154053
749 1.154053
750 16.653809
751 1.154053
752 1.154053
753 22.647949
754 1.154053
755 1.154053
756 20.361816
757 1.154053
758 1.154053
759 22.064941
760 1.154053
761 1.154053
762 20.450928
763 1.154053
764 1.154053
765 22.871826
766 1.154053
767 1.154053
768 20.316895
769 1.154053
770 1.154053
771 22.512939
772 1.154053
773 1.154053
774 21.347900
775 1.154053
776 1.154053
777 22.377930
778 1.154053
779 1.154053
780 22.422852
781 1.154053
782 1.154053
783 27.127930
784 1.154053
785 1.154053
786 20.854980
787 1.153809
788 1.154053
789 22.557129
790 1.154053
791 1.153809
792 21.662109
793 1.154053
794 1.154053
795 22.691895
796 1.154053
797 1.154053
798 22.736816
799 1.154053
800 1.154053
801 21.795898
802 1.154053
803 1.154053
804 22.825928
805 1.154053
806 1.154053
807 19.913818
808 1.154053
809 1.154053
810 16.553955
811 1.154053
812 1.154053
813 23.005859
814 1.154053
815 1.154053
816 20.809814
817 1.154297
818 1.153809
819 24.305176
820 1.153809
821 1.154053
822 23.139893
823 1.154053
824 1.154053
825 21.259033
826 1.154053
827 1.153809
828 24.170166
829 1.154053
830 1.153809
831 23.319092
832 1.154053
833 1.154053
834 21.213867
835 1.154053
836 1.154053
837 21.750977
838 1.154053
839 1.153809
840 21.795898
841 1.154297
842 1.153809
843 23.498047
844 1.153809
845 1.154297
846 24.215820
847 1.154297
848 1.153809
849 21.795898
850 1.154297
851 1.153809
852 23.767090
853 1.153809
854 1.154297
855 24.349609
856 1.154297
857 1.153809
858 20.585938
859 1.154297
860 1.153809
861 16.957031
862 1.153809
863 1.154297
864 24.528809
865 1.154297
866 1.153809
867 23.856934
868 1.153809
869 1.154297
870 21.034180
871 1.153809
872 1.153809
873 17.584961
874 1.154297
875 1.153809
876 24.036133
877 1.153809
878 1.154297
879 24.796875
880 1.153809
881 1.154297
882 24.125977
883 1.153809
884 1.154297
885 22.512695
886 1.154297
887 1.153809
888 22.198730
889 1.154297
890 1.153809
891 22.154297
892 1.153809
893 1.154297
894 16.509766
895 1.153809
896 1.154297
897 25.065918
898 1.153809
899 1.154297
900 24.438965
901 1.153809
902 1.153809
903 25.157227
904 1.154297
905 1.153809
906 21.884766
907 1.154297
908 1.153809
909 17.270996
910 1.153809
911 1.154297
912 17.001953
913 1.153809
914 1.154297
915 24.663086
916 1.153809
917 1.153809
918 24.753418
919 1.153809
920 1.153809
921 25.470215
922 1.153809
923 1.154297
924 24.842773
925 1.154297
926 1.153809
927 22.735840
928 1.154297
929 1.153809
930 17.809082
931 1.153809
932 1.154297
933 16.644043
934 1.153809
935 1.153809
936 25.469238
937 1.153809
938 1.154297
939 20.451660
940 1.154297
941 1.153809
942 17.361328
943 1.153809
944 1.153809
945 17.539062
946 1.154297
947 1.153809
948 16.913086
949 1.153809
950 1.154297
951 17.628906
952 1.153809
953 1.153809
954 17.002441
955 1.153809
956 1.153809
957 17.092285
958 1.153809
959 1.154297
960 17.807617
961 1.154297
962 1.153809
963 17.137207
964 1.153809
965 1.154297
966 17.897949
967 1.153809
968 1.153809
969 17.270996
970 1.154297
971 1.153809
972 17.314941
973 1.154297
974 1.153809
975 18.078125
976 1.153809
977 1.154297
978 17.404785
979 1.153809
980 1.154297
981 22.064941
982 1.153809
983 1.154297
984 17.539062
985 1.153809
986 1.153809
987 17.584961
988 1.154297
989 1.153809
990 18.301270
991 1.153809
992 1.153809
993 17.674316
994 1.153809
995 1.154297
996 18.390625
997 1.154297
998 1.153809
999 17.764160
1000 1.153809
1001 1.154297
1002 17.807617
1003 1.154297
1004 1.153809
1005 18.570312
1006 1.153809
1007 1.153809
1008 17.943359
1009 1.153809
1010 1.153809
1011 18.615234
1012 1.153809
1013 1.154297
1014 18.032715
1015 1.154297
1016 1.153809
1017 18.077148
1018 1.153809
1019 1.154297
1020 18.793945
1021 1.153809
1022 1.153809
1023 18.212402
1024 1.153809
1025 1.153809
1026 24.484375
1027 1.153809
1028 1.153809
1029 18.256348
1030 1.153809
1031 1.153809
1032 19.019043
1033 1.154297
1034 1.153809
1035 18.391113
1036 1.153809
1037 1.154297
1038 18.435059
1039 1.153809
1040 1.153809
1041 19.153320
1042 1.153809
1043 1.154297
1044 18.435547
1045 1.154297
1046 1.153809
1047 19.331055
1048 1.153809
1049 1.154297
1050 20.272949
1051 1.153809
1052 1.154297
1053 19.376953
1054 1.153809
1055 1.154297
1056 18.749023
1057 1.153809
1058 1.153809
1059 18.749023
1060 1.154297
1061 1.153809
1062 19.511230
1063 1.153809
1064 1.154297
1065 18.883789
1066 1.153809
1067 1.154297
1068 24.886719
1069 1.154297
1070 1.153809
1071 19.332031
1072 1.153809
1073 1.154297
1074 19.689941
1075 1.153809
1076 1.154297
1077 18.973633
1078 1.154297
1079 1.153809
1080 21.572266
1081 1.153809
1082 1.153809
1083 19.197266
1084 1.153809
1085 1.154297
1086 19.241699
1087 1.154297
1088 1.153809
1089 19.958984
1090 1.153809
1091 1.154297
1092 19.332031
1093 1.153809
1094 1.154297
1095 19.913574
1096 1.154297
1097 1.153809
1098 21.214355
1099 1.153809
1100 1.153809
1101 20.183105
1102 1.154297
1103 1.153809
1104 19.556152
1105 1.153809
1106 1.153809
1107 25.828125
1108 1.154297
1109 1.153809
1110 19.645020
1111 1.153809
1112 1.154297
1113 19.689941
1114 1.153809
1115 1.154297
1116 22.064941
1117 1.153809
1118 1.153809
1119 19.825195
1120 1.153809
1121 1.154297
1122 20.496094
1123 1.153809
1124 1.153809
1125 19.735352
1126 1.153809
1127 23.936035
1128 1.153809
1129 21.068359
1130 1.153809
1131 23.577148
1132 1.153809
1133 20.754883
1134 1.154297
1135 24.652832
1136 1.154297
1137 20.350586
1138 1.154297
1139 24.427734
1140 1.154297
1141 23.936035
1142 1.153809
1143 21.650879
1144 1.154297
1145 23.307617
1146 1.154297
1147 27.967773
1148 1.154297
1149 21.694824
1150 1.154297
1151 23.397461
1152 1.154297
1153 22.413086
1154 1.153809
1155 23.397949
1156 1.154297
1157 21.470703
1158 1.154297
1159 24.472656
1160 1.154297
1161 20.530762
1162 1.154297
1163 24.830566
1164 1.154297
1165 24.205078
1166 1.153809
1167 21.918945
1168 1.154297
1169 23.577637
1170 1.154297
1171 21.918945
1172 1.153809
1173 24.293945
1174 1.154297
1175 20.754883
1176 1.153809
1177 24.921387
1178 1.153809
1179 24.383789
1180 1.154297
1181 22.052734
1182 1.154297
1183 23.756836
1184 1.154297
1185 27.743652
1186 1.154297
1187 21.470703
1188 1.154297
1189 16.722656
1190 1.154297
1191 24.518066
1192 1.153809
1193 22.187988
1194 1.153809
1195 23.891113
1196 1.154297
1197 22.680664
1198 1.154297
1199 15.825684
1200 1.154297
1201 23.936035
1202 1.153809
1203 22.950195
1204 1.153809
1205 23.979980
1206 1.153809
1207 24.025391
1208 1.153809
1209 23.040039
1210 1.153809
1211 24.070312
1212 1.153809
1213 21.336914
1214 1.154297
1215 17.528809
1216 1.153809
1217 24.114258
1218 1.153809
1219 22.188965
1220 1.154297
1221 25.054688
1222 1.154297
1223 19.858887
1224 1.153809
1225 24.204102
1226 1.154297
1227 23.263672
1228 1.154297
1229 15.916016
1230 1.153809
1231 24.293945
1232 1.154297
1233 23.307617
1234 1.154297
1235 24.293945
1236 1.153809
1237 24.339355
1238 1.153809
1239 23.397949
1240 1.153809
1241 24.384277
1242 1.153809
1243 24.428223
1244 1.153809
1245 23.442871
1246 1.154297
1247 24.472656
1248 1.154297
1249 24.473145
1250 1.153809
1251 23.487793
1252 1.154297
1253 16.185059
1254 1.153809
1255 24.562988
1256 1.154297
1257 28.146484
1258 1.154297
1259 17.303711
1260 1.154297
1261 22.950195
1262 1.153809
1263 25.324707
1264 1.154297
1265 24.651855
1266 1.154297
1267 22.232910
1268 1.153809
1269 17.798340
1270 1.153809
1271 24.741699
1272 1.154297
1273 25.414062
1274 1.153809
1275 23.128906
1276 1.154297
1277 24.786621
1278 1.154297
1279 25.503906
1280 1.153809
1281 22.457031
1282 1.154297
1283 17.214844
1284 1.153809
1285 25.549316
1286 1.153809
1287 24.920898
1288 1.154297
1289 23.262695
1290 1.154297
1291 31.239258
1292 1.153320
1293 23.308594
1294 1.153320
1295 25.011719
1296 1.153320
1297 25.683594
1298 1.153320
1299 21.964844
1300 1.153320
1301 18.112305
1302 1.154297
1303 25.771484
1304 1.154297
1305 25.100586
1306 1.154297
1307 22.008789
1308 1.154297
1309 18.961914
1310 1.154297
1311 25.189453
1312 1.154297
1313 25.862305
1314 1.153320
1315 25.190430
1316 1.154297
1317 15.244141
1318 1.153320
1319 17.619141
1320 1.154297
1321 16.945312
1322 1.154297
1323 16.991211
1324 1.154297
1325 20.843750
1326 1.154297
1327 17.797852
1328 1.153320
1329 14.169922
1330 1.153320
1331 18.961914
1332 1.154297
1333 17.081055
1334 1.154297
1335 17.841797
1336 1.153320
1337 17.126953
1338 1.153320
1339 14.482422
1340 1.153320
1341 18.917969
1342 1.154297
1343 17.214844
1344 1.154297
1345 17.214844
1346 1.154297
1347 17.886719
1348 1.154297
1349 14.258789
1350 1.154297
1351 18.647461
1352 1.154297
1353 17.976562
1354 1.154297
1355 17.350586
1356 1.153320
1357 20.038086
1358 1.154297
1359 19.185547
1360 1.154297
1361 17.394531
1362 1.153320
1363 18.067383
1364 1.154297
1365 17.438477
1366 1.154297
1367 15.377930
1368 1.154297
1369 18.603516
1370 1.154297
1371 17.528320
1372 1.154297
1373 18.201172
1374 1.154297
1375 17.573242
1376 1.154297
1377 17.573242
1378 1.154297
1379 16.587891
1380 1.153320
1381 17.619141
1382 1.154297
1383 17.663086
1384 1.154297
1385 18.334961
1386 1.153320
1387 17.708008
1388 1.154297
1389 20.306641
1390 1.154297
1391 19.768555
1392 1.154297
1393 17.751953
1394 1.154297
1395 18.424805
1396 1.154297
1397 17.797852
1398 1.154297
1399 18.513672
1400 1.154297
1401 14.840820
1402 1.154297
1403 18.827148
1404 1.154297
1405 18.961914
1406 1.154297
1407 17.931641
1408 1.154297
1409 17.932617
1410 1.154297
1411 18.604492
1412 1.153320
1413 17.976562
1414 1.153320
1415 18.694336
1416 1.154297
1417 18.021484
1418 1.154297
1419 18.066406
1420 1.153320
1421 21.651367
1422 1.154297
1423 19.140625
1424 1.154297
1425 18.783203
1426 1.154297
1427 18.111328
1428 1.154297
1429 18.155273
1430 1.154297
1431 18.873047
1432 1.154297
1433 15.556641
1434 1.154297
1435 18.828125
1436 1.153320
1437 19.321289
1438 1.154297
1439 18.291016
1440 1.153320
1441 18.961914
1442 1.154297
1443 18.291016
1444 1.154297
1445 18.334961
1446 1.154297
1447 19.051758
1448 1.153320
1449 18.380859
1450 1.153320
1451 19.903320
1452 1.154297
1453 21.561523
1454 1.154297
1455 18.468750
1456 1.154297
1457 19.141602
1458 1.154297
1459 18.469727
1460 1.154297
1461 19.185547
1462 1.154297
1463 18.558594
1464 1.154297
1465 18.560547
1466 1.153320
1467 19.276367
1468 1.154297
1469 18.603516
1470 1.154297
1471 19.320312
1472 1.154297
1473 18.649414
1474 1.153320
1475 18.648438
1476 1.154297
1477 19.365234
1478 1.154297
1479 18.739258
1480 1.154297
1481 19.902344
1482 1.154297
1483 21.606445
1484 1.153320
1485 18.828125
1486 1.154297
1487 19.500000
1488 1.153320
1489 18.828125
1490 1.154297
1491 20.083008
1492 1.154297
1493 18.245117
1494 1.153320
1495 18.828125
1496 1.154297
1497 19.500000
1498 1.154297
1499 18.828125
1500 1.154297
1501 20.575195
1502 1.154297
1503 17.752930
1504 1.153320
1505 18.828125
1506 1.154297
1507 22.770508
1508 1.154297
1509 19.051758
1510 1.154297
1511 23.710938
1512 1.154297
1513 19.096680
1514 1.154297
1515 19.813477
1516 1.154297
1517 19.142578
1518 1.153320
1519 19.186523
1520 1.153320
1521 19.859375
1522 1.154297
1523 19.185547
1524 1.154297
1525 19.903320
1526 1.153320
1527 18.739258
1528 1.154297
1529 18.828125
1530 1.153320
1531 19.500000
1532 1.154297
1533 22.457031
1534 1.154297
1535 20.038086
1536 1.153320
1537 19.366211
1538 1.154297
1539 22.008789
1540 1.154297
1541 21.381836
1542 1.153320
1543 19.052734
1544 1.153320
1545 19.500000
1546 1.154297
1547 22.188477
1548 1.153320
1549 20.172852
1550 1.153320
1551 19.544922
1552 1.154297
1553 20.216797
1554 1.154297
1555 19.544922
1556 1.154297
1557 19.589844
1558 1.153320
1559 20.306641
1560 1.154297
1561 19.634766
1562 1.153320
1563 20.351562
1564 1.154297
1565 19.410156
1566 1.154297
1567 26.264648
1568 1.154297
1569 19.724609
1570 1.153320
1571 19.725586
1572 1.153320
1573 20.440430
1574 1.154297
1575 19.320312
1576 1.154297
1577 20.665039
1578 1.154297
1579 21.830078
1580 1.153320
1581 20.531250
1582 1.154297
1583 19.902344
1584 1.154297
1585 19.904297
1586 1.153320
1587 20.575195
1588 1.154297
1589 19.948242
1590 1.153320
1591 20.665039
1592 1.154297
1593 21.651367
1594 1.153320
1595 23.174805
1596 1.153320
1597 21.516602
1598 1.153320
1599 18.917969
1600 1.154297
1601 23.577148
1602 1.154297
1603 20.082031
1604 1.153320
1605 20.799805
1606 1.154297
1607 20.171875
1608 1.154297
1609 20.843750
1610 1.154297
1611 19.500000
1612 1.154297
1613 23.263672
1614 1.154297
1615 20.261719
1616 1.154297
1617 20.260742
1618 1.154297
1619 20.933594
1620 1.154297
1621 20.306641
1622 1.154297
1623 25.637695
1624 1.154297
1625 21.336914
1626 1.154297
1627 21.067383
1628 1.154297
1629 19.051758
1630 1.154297
1631 24.115234
1632 1.153320
1633 20.441406
1634 1.154297
1635 20.440430
1636 1.154297
1637 21.158203
1638 1.153320
1639 19.321289
1640 1.154297
1641 24.069336
1642 1.154297
1643 20.575195
1644 1.154297
1645 21.248047
1646 1.153320
1647 20.620117
1648 1.154297
1649 26.847656
1650 1.154297
1651 20.665039
1652 1.154297
1653 19.768555
1654 1.154297
1655 23.934570
1656 1.154297
1657 20.709961
1658 1.154297
1659 21.426758
1660 1.154297
1661 20.574219
1662 1.154297
1663 23.307617
1664 1.154297
1665 20.799805
1666 1.154297
1667 21.470703
1668 1.154297
1669 20.843750
1670 1.154297
1671 23.218750
1672 1.154297
1673 20.888672
1674 1.154297
1675 27.206055
1676 1.154297
1677 20.933594
1678 1.154297
1679 20.978516
1680 1.154297
1681 21.649414
1682 1.154297
1683 22.636719
1684 1.154297
1685 21.695312
1686 1.154297
1687 21.067383
1688 1.154297
1689 21.741211
1690 1.153320
1691 22.770508
1692 1.154297
1693 21.785156
1694 1.154297
1695 21.157227
1696 1.154297
1697 20.083008
1698 1.153320
1699 24.563477
1700 1.154297
1701 21.201172
1702 1.154297
1703 19.187500
1704 1.153320
1705 21.247070
1706 1.154297
1707 21.605469
1708 1.154297
1709 23.308594
1710 1.154297
1711 22.008789
1712 1.154297
1713 21.336914
1714 1.154297
1715 23.666016
1716 1.154297
1717 21.381836
1718 1.153320
1719 22.099609
1720 1.154297
1721 19.992188
1722 1.154297
1723 25.235352
1724 1.153320
1725 21.471680
1726 1.153320
1727 27.789062
1728 1.154297
1729 21.515625
1730 1.154297
1731 23.845703
1732 1.154297
1733 21.560547
1734 1.154297
1735 21.606445
1736 1.153320
1737 23.936523
1738 1.154297
1739 21.649414
1740 1.154297
1741 22.323242
1742 1.153320
1743 23.353516
1744 1.154297
1745 22.367188
1746 1.154297
1747 21.695312
1748 1.153320
1749 24.070312
1750 1.154297
1751 21.785156
1752 1.153320
1753 28.058594
1754 1.153320
1755 21.830078
1756 1.154297
1757 24.159180
1758 1.154297
1759 21.875000
1760 1.153320
1761 22.546875
1762 1.154297
1763 23.532227
1764 1.154297
1765 22.591797
1766 1.153320
1767 21.561523
1768 1.154297
1769 24.696289
1770 1.154297
1771 22.008789
1772 1.154297
1773 24.338867
1774 1.154297
1775 22.053711
1776 1.154297
1777 28.326172
1778 1.153320
1779 22.054688
1780 1.153320
1781 24.428711
1782 1.153320
1783 22.144531
1784 1.153320
1785 22.054688
1786 1.153320
1787 24.607422
1788 1.154297
1789 22.188477
1790 1.154297
1791 24.561523
1792 1.154297
1793 22.234375
1794 1.153320
1795 22.545898
1796 1.154297
1797 24.293945
1798 1.154297
1799 22.995117
1800 1.154297
1801 23.979492
1802 1.154297
1803 20.306641
1804 1.154297
1805 22.367188
1806 1.153320
1807 22.682617
1808 1.153320
1809 24.473633
1810 1.153320
1811 23.083984
1812 1.154297
1813 24.115234
1814 1.154297
1815 23.173828
1816 1.153320
1817 24.160156
1818 1.154297
1819 23.217773
1820 1.154297
1821 21.560547
1822 1.154297
1823 25.907227
1824 1.154297
1825 22.412109
1826 1.154297
1827 20.708984
1828 1.154297
1829 24.293945
1830 1.154297
1831 23.353516
1832 1.154297
1833 24.337891
1834 1.154297
1835 23.397461
1836 1.154297
1837 24.383789
1838 1.154297
1839 23.442383
1840 1.154297
1841 24.427734
1842 1.154297
1843 23.443359
1844 1.153320
1845 21.472656
1846 1.153320
1847 18.200195
1848 1.154297
1849 21.785156
1850 1.153320
1851 21.158203
1852 1.154297
1853 16.991211
1854 1.153320
1855 22.995117
1856 1.154297
1857 25.235352
1858 1.153320
1859 23.083984
1860 1.154297
1861 25.190430
1862 1.153320
1863 23.129883
1864 1.154297
1865 25.279297
1866 1.153320
1867 23.041016
1868 1.153320
1869 17.125000
1870 1.154297
1871 22.860352
1872 1.154297
1873 17.394531
1874 1.153320
1875 21.068359
1876 1.154297
1877 22.008789
1878 1.154297
1879 26.713867
1880 1.153320
1881 25.548828
1882 1.153320
1883 23.264648
1884 1.153320
1885 25.593750
1886 1.153320
1887 23.309570
1888 1.153320
1889 25.638672
1890 1.153320
1891 23.308594
1892 1.153320
1893 25.683594
1894 1.154297
1895 23.397461
1896 1.154297
1897 27.026367
1898 1.154297
1899 19.411133
1900 1.154297
1901 24.113281
1902 1.154297
1903 25.146484
1904 1.153320
1905 25.817383
1906 1.154297
1907 23.487305
1908 1.154297
1909 25.862305
1910 1.153320
1911 23.577148
1912 1.154297
1913 25.907227
1914 1.153320
1915 23.219727
1916 1.153320
1917 18.021484
1918 1.154297
1919 16.990234
1920 1.154297
1921 21.606445
1922 1.153320
1923 15.333984
1924 1.154297
1925 26.041016
1926 1.154297
1927 15.289062
1928 1.153320
1929 26.220703
1930 1.153320
1931 17.797852
1932 1.154297
1933 15.467773
1934 1.154297
1935 17.841797
1936 1.154297
1937 15.467773
1938 1.154297
1939 17.886719
1940 1.154297
1941 17.214844
1942 1.154297
1943 21.875000
1944 1.153320
1945 15.602539
1946 1.154297
1947 17.976562
1948 1.154297
1949 14.392578
1950 1.154297
1951 19.275391
1952 1.154297
1953 17.349609
1954 1.153320
1955 24.518555
1956 1.153320
1957 17.574219
1958 1.154297
1959 26.445312
1960 1.153320
1961 15.781250
1962 1.154297
1963 26.488281
1964 1.154297
1965 22.053711
1966 1.154297
1967 17.574219
1968 1.154297
1969 16.542969
1970 1.153320
1971 17.529297
1972 1.154297
1973 18.245117
1974 1.153320
1975 15.960938
1976 1.154297
1977 18.291016
1978 1.154297
1979 17.663086
1980 1.153320
1981 25.011719
1982 1.153320
1983 17.708008
1984 1.154297
1985 26.712891
1986 1.154297
1987 22.322266
1988 1.154297
1989 15.781250
1990 1.154297
1991 18.783203
1992 1.154297
1993 17.796875
1994 1.154297
1995 16.857422
1996 1.153320
1997 17.842773
1998 1.153320
1999 18.560547
2000 1.153320
2001 15.109375
2002 1.154297
2003 19.678711
2004 1.154297
2005 17.931641
2006 1.154297
2007 26.982422
2008 1.154297
2009 22.590820
2010 1.154297
2011 15.601562
2012 1.154297
2013 19.456055
2014 1.154297
2015 18.065430
2016 1.154297
2017 18.739258
2018 1.153320
2019 16.408203
2020 1.154297
2021 18.784180
2022 1.153320
2023 18.156250
2024 1.154297
2025 16.498047
2026 1.153320
2027 18.873047
2028 1.154297
2029 18.873047
2030 1.154297
2031 22.277344
2032 1.154297
2033 18.828125
2034 1.154297
2035 18.916992
2036 1.153320
2037 16.633789
2038 1.154297
2039 19.005859
2040 1.154297
2041 18.335938
2042 1.154297
2043 16.003906
2044 1.154297
2045 19.769531
2046 1.154297
2047 19.097656
2048 1.152344
2049 19.097656
2050 1.154297
2051 15.332031
2052 1.154297
2053 26.175781
2054 1.154297
2055 15.468750
2056 1.154297
2057 20.574219
2058 1.154297
2059 18.560547
2060 1.154297
2061 19.230469
2062 1.154297
2063 19.275391
2064 1.154297
2065 16.812500
2066 1.152344
2067 19.412109
2068 1.154297
2069 18.646484
2070 1.154297
2071 19.367188
2072 1.154297
2073 15.869141
2074 1.154297
2075 26.175781
2076 1.154297
2077 19.410156
2078 1.154297
2079 17.126953
2080 1.152344
2081 19.455078
2082 1.154297
2083 18.785156
2084 1.152344
2085 19.500000
2086 1.154297
2087 18.873047
2088 1.154297
2089 17.886719
2090 1.154297
2091 18.917969
2092 1.154297
2093 19.589844
2094 1.152344
2095 21.562500
2096 1.154297
2097 20.978516
2098 1.154297
2099 19.632812
2100 1.154297
2101 19.007812
2102 1.154297
2103 19.724609
2104 1.154297
2105 17.214844
2106 1.152344
2107 19.949219
2108 1.154297
2109 19.767578
2110 1.154297
2111 19.142578
2112 1.154297
2113 19.814453
2114 1.152344
2115 19.142578
2116 1.152344
2117 23.802734
2118 1.152344
2119 19.904297
2120 1.154297
2121 19.230469
2122 1.154297
2123 18.291016
2124 1.154297
2125 19.275391
2126 1.154297
2127 19.994141
2128 1.154297
2129 19.320312
2130 1.154297
2131 19.992188
2132 1.152344
2133 20.039062
2134 1.154297
2135 19.410156
2136 1.154297
2137 23.128906
2138 1.154297
2139 20.351562
2140 1.154297
2141 20.126953
2142 1.154297
2143 20.171875
2144 1.154297
2145 16.945312
2146 1.154297
2147 21.068359
2148 1.154297
2149 19.544922
2150 1.154297
2151 20.261719
2152 1.154297
2153 19.589844
2154 1.154297
2155 20.304688
2156 1.154297
2157 22.054688
2158 1.154297
2159 21.875000
2160 1.152344
2161 20.351562
2162 1.154297
2163 19.679688
2164 1.154297
2165 20.396484
2166 1.154297
2167 20.439453
2168 1.154297
2169 19.769531
2170 1.154297
2171 20.486328
2172 1.152344
2173 19.814453
2174 1.154297
2175 17.707031
2176 1.154297
2177 27.294922
2178 1.154297
2179 19.859375
2180 1.154297
2181 20.574219
2182 1.154297
2183 19.949219
2184 1.152344
2185 20.666016
2186 1.154297
2187 20.664062
2188 1.154297
2189 17.082031
2190 1.152344
2191 22.009766
2192 1.154297
2193 19.634766
2194 1.154297
2195 21.156250
2196 1.154297
2197 26.220703
2198 1.154297
2199 20.126953
2200 1.154297
2201 20.798828
2202 1.154297
2203 20.171875
2204 1.154297
2205 20.843750
2206 1.154297
2207 20.888672
2208 1.154297
2209 17.037109
2210 1.154297
2211 22.322266
2212 1.154297
2213 19.320312
2214 1.154297
2215 21.158203
2216 1.154297
2217 27.429688
2218 1.154297
2219 20.349609
2220 1.154297
2221 21.025391
2222 1.152344
2223 20.396484
2224 1.154297
2225 21.068359
2226 1.154297
2227 21.066406
2228 1.154297
2229 20.441406
2230 1.154297
2231 21.158203
2232 1.154297
2233 20.486328
2234 1.152344
2235 21.203125
2236 1.154297
2237 22.636719
2238 1.154297
2239 23.083984
2240 1.152344
2241 21.248047
2242 1.154297
2243 20.576172
2244 1.154297
2245 21.156250
2246 1.154297
2247 21.470703
2248 1.154297
2249 20.171875
2250 1.154297
2251 21.158203
2252 1.154297
2253 20.486328
2254 17.562500
2255 21.416016
2256 17.158203
2257 27.509766
2258 14.292969
2259 17.337891
2260 25.000000
2261 22.625000
2262 24.328125
2263 23.341797
2264 24.328125
2265 22.671875
2266 25.000000
2267 22.714844
2268 24.328125
2269 22.714844
2270 25.042969
2271 22.716797
2272 24.371094
2273 23.388672
2274 24.371094
2275 22.179688
2276 26.208984
2277 19.398438
2278 21.685547
2279 17.832031
2280 24.417969
2281 22.757812
2282 25.089844
2283 22.804688
2284 24.417969
2285 22.804688
2286 25.134766
2287 22.804688
2288 24.460938
2289 23.478516
2290 24.460938
2291 22.042969
2292 17.609375
2293 21.371094
2294 17.605469
2295 28.585938
2296 25.044922
2297 22.849609
2298 25.177734
2299 22.894531
2300 24.507812
2301 22.894531
2302 25.222656
2303 22.087891
2304 17.025391
2305 25.224609
2306 22.894531
2307 24.550781
2308 23.656250
2309 24.552734
2310 22.939453
2311 25.312500
2312 22.402344
2313 25.132812
2314 29.167969
2315 24.640625
2316 22.939453
2317 25.312500
2318 22.984375
2319 24.642578
2320 22.984375
2321 25.312500
2322 22.087891
2323 17.205078
2324 25.357422
2325 22.984375
2326 24.685547
2327 23.701172
2328 24.687500
2329 22.625000
2330 25.761719
2331 21.548828
2332 17.876953
2333 28.361328
2334 17.337891
2335 23.074219
2336 25.402344
2337 22.535156
2338 16.937500
2339 25.402344
2340 23.117188
2341 24.732422
2342 23.119141
2343 25.447266
2344 22.490234
2345 17.070312
2346 25.449219
2347 23.162109
2348 24.775391
2349 23.835938
2350 24.820312
2351 22.132812
2352 17.876953
2353 20.742188
2354 24.822266
2355 23.833984
2356 24.865234
2357 22.447266
2358 17.919922
2359 24.867188
2360 23.207031
2361 25.537109
2362 23.074219
2363 25.044922
2364 25.537109
2365 23.253906
2366 24.910156
2367 23.251953
2368 25.583984
2369 21.998047
2370 24.103516
2371 23.251953
2372 24.955078
2373 23.251953
2374 25.628906
2375 24.955078
2376 23.296875
2377 25.626953
2378 23.296875
2379 25.000000
2380 23.656250
2381 16.980469
2382 25.000000
2383 24.013672
2384 25.000000
2385 25.000000
2386 24.015625
2387 25.000000
2388 23.386719
2389 26.210938
2390 20.115234
2391 25.044922
2392 24.058594
2393 25.044922
2394 22.447266
2395 18.369141
2396 25.044922
2397 23.431641
2398 25.761719
2399 21.998047
2400 18.189453
2401 25.761719
2402 23.341797
2403 25.179688
2404 25.806641
2405 23.431641
2406 25.134766
2407 29.750000
2408 21.951172
2409 18.326172
2410 25.806641
2411 23.162109
2412 17.160156
2413 25.851562
2414 23.519531
2415 25.181641
2416 22.220703
2417 18.818359
2418 25.177734
2419 23.298828
2420 17.785156
2421 25.179688
2422 15.234375
2423 17.560547
2424 13.845703
2425 24.550781
2426 15.232422
2427 16.937500
2428 13.888672
2429 18.951172
2430 16.935547
2431 14.740234
2432 18.144531
2433 16.935547
2434 15.277344
2435 17.607422
2436 16.980469
2437 15.279297
2438 17.650391
2439 14.025391
2440 18.277344
2441 17.654297
2442 14.695312
2443 23.923828
2444 15.322266
2445 17.025391
2446 14.335938
2447 18.728516
2448 17.025391
2449 14.875000
2450 18.189453
2451 17.025391
2452 15.412109
2453 17.697266
2454 17.070312
2455 15.412109
2456 17.742188
2457 17.068359
2458 15.412109
2459 17.787109
2460 17.070312
2461 21.728516
2462 15.457031
2463 17.115234
2464 17.787109
2465 15.457031
2466 17.115234
2467 17.787109
2468 15.501953
2469 17.113281
2470 17.832031
2471 15.501953
2472 17.158203
2473 17.832031
2474 15.501953
2475 17.205078
2476 17.830078
2477 15.546875
2478 17.205078
2479 21.593750
2480 17.429688
2481 15.322266
2482 18.099609
2483 17.205078
2484 15.322266
2485 18.144531
2486 17.250000
2487 15.232422
2488 18.279297
2489 17.250000
2490 15.097656
2491 18.460938
2492 17.248047
2493 14.919922
2494 18.681641
2495 17.294922
2496 14.650391
2497 24.550781
2498 15.636719
2499 17.292969
