104 107 
105 107 
106 107 
107 107 
102 108 
103 108 
108 108 
100 109 
101 109 
108 109 
98 110 
99 110 
109 110 
96 111 
97 111 
109 111 
95 112 
110 112 
93 113 
94 113 
110 113 
91 114 
92 114 
111 114 
89 115 
90 115 
112 115 
88 116 
112 116 
86 117 
87 117 
113 117 
84 118 
85 118 
113 118 
83 119 
114 119 
81 120 
82 120 
114 120 
79 121 
80 121 
115 121 
249 121 
78 122 
115 122 
246 122 
247 122 
248 122 
250 122 
76 123 
77 123 
116 123 
243 123 
244 123 
245 123 
251 123 
74 124 
75 124 
117 124 
241 124 
242 124 
252 124 
73 125 
117 125 
238 125 
239 125 
240 125 
252 125 
72 126 
118 126 
236 126 
237 126 
252 126 
72 127 
118 127 
234 127 
235 127 
253 127 
72 128 
119 128 
231 128 
232 128 
233 128 
253 128 
73 129 
119 129 
229 129 
230 129 
254 129 
73 130 
120 130 
226 130 
227 130 
228 130 
254 130 
74 131 
121 131 
224 131 
225 131 
255 131 
74 132 
121 132 
222 132 
223 132 
255 132 
75 133 
122 133 
219 133 
220 133 
221 133 
255 133 
76 134 
122 134 
217 134 
218 134 
256 134 
76 135 
123 135 
214 135 
215 135 
216 135 
256 135 
77 136 
123 136 
212 136 
213 136 
257 136 
77 137 
124 137 
209 137 
210 137 
211 137 
257 137 
78 138 
124 138 
207 138 
208 138 
257 138 
78 139 
125 139 
205 139 
206 139 
258 139 
79 140 
125 140 
202 140 
203 140 
204 140 
258 140 
79 141 
126 141 
200 141 
201 141 
259 141 
80 142 
127 142 
197 142 
198 142 
199 142 
259 142 
81 143 
127 143 
195 143 
196 143 
259 143 
81 144 
128 144 
193 144 
194 144 
260 144 
82 145 
128 145 
190 145 
191 145 
192 145 
260 145 
82 146 
129 146 
188 146 
189 146 
261 146 
83 147 
129 147 
187 147 
261 147 
83 148 
130 148 
187 148 
262 148 
84 149 
130 149 
187 149 
262 149 
84 150 
131 150 
187 150 
262 150 
85 151 
132 151 
188 151 
263 151 
85 152 
132 152 
188 152 
263 152 
86 153 
133 153 
188 153 
264 153 
87 154 
133 154 
189 154 
264 154 
87 155 
134 155 
189 155 
264 155 
88 156 
134 156 
190 156 
264 156 
88 157 
135 157 
190 157 
263 157 
89 158 
136 158 
191 158 
262 158 
89 159 
136 159 
191 159 
259 159 
260 159 
261 159 
90 160 
136 160 
191 160 
257 160 
258 160 
90 161 
136 161 
192 161 
255 161 
256 161 
91 162 
136 162 
192 162 
252 162 
253 162 
254 162 
91 163 
134 163 
135 163 
193 163 
250 163 
251 163 
92 164 
132 164 
133 164 
193 164 
247 164 
248 164 
249 164 
93 165 
131 165 
193 165 
245 165 
246 165 
93 166 
129 166 
130 166 
194 166 
242 166 
243 166 
244 166 
94 167 
127 167 
128 167 
194 167 
240 167 
241 167 
94 168 
125 168 
126 168 
195 168 
237 168 
238 168 
239 168 
95 169 
123 169 
124 169 
195 169 
235 169 
236 169 
95 170 
122 170 
195 170 
233 170 
234 170 
96 171 
120 171 
121 171 
196 171 
230 171 
231 171 
232 171 
96 172 
118 172 
119 172 
196 172 
228 172 
229 172 
97 173 
117 173 
197 173 
225 173 
226 173 
227 173 
97 174 
115 174 
116 174 
197 174 
223 174 
224 174 
92 175 
98 175 
113 175 
114 175 
198 175 
221 175 
222 175 
92 176 
99 176 
111 176 
112 176 
198 176 
218 176 
219 176 
220 176 
92 177 
99 177 
110 177 
198 177 
216 177 
217 177 
92 178 
100 178 
108 178 
109 178 
199 178 
213 178 
214 178 
215 178 
100 179 
106 179 
107 179 
199 179 
211 179 
212 179 
101 180 
104 180 
105 180 
200 180 
208 180 
209 180 
210 180 
102 181 
103 181 
200 181 
206 181 
207 181 
201 182 
203 182 
204 182 
205 182 
47 183 
48 183 
49 183 
50 183 
51 183 
52 183 
202 183 
42 184 
43 184 
44 184 
45 184 
46 184 
53 184 
37 185 
38 185 
39 185 
40 185 
41 185 
53 185 
32 186 
33 186 
34 186 
35 186 
36 186 
53 186 
27 187 
28 187 
29 187 
30 187 
31 187 
53 187 
22 188 
23 188 
24 188 
25 188 
26 188 
53 188 
18 189 
19 189 
20 189 
21 189 
54 189 
162 189 
163 189 
17 190 
54 190 
164 190 
17 191 
54 191 
165 191 
166 191 
167 191 
17 192 
54 192 
168 192 
17 193 
54 193 
169 193 
17 194 
55 194 
169 194 
170 194 
17 195 
55 195 
168 195 
171 195 
17 196 
55 196 
167 196 
171 196 
18 197 
55 197 
164 197 
165 197 
166 197 
172 197 
18 198 
55 198 
163 198 
172 198 
18 199 
55 199 
18 200 
56 200 
18 201 
56 201 
18 202 
56 202 
19 203 
56 203 
19 204 
56 204 
158 204 
19 205 
57 205 
157 205 
168 205 
19 206 
57 206 
166 206 
167 206 
169 206 
170 206 
19 207 
57 207 
165 207 
171 207 
19 208 
57 208 
164 208 
172 208 
20 209 
57 209 
163 209 
173 209 
20 210 
57 210 
161 210 
162 210 
174 210 
20 211 
58 211 
160 211 
174 211 
20 212 
58 212 
159 212 
175 212 
20 213 
58 213 
158 213 
176 213 
21 214 
58 214 
156 214 
157 214 
177 214 
21 215 
58 215 
155 215 
178 215 
21 216 
59 216 
154 216 
178 216 
21 217 
59 217 
153 217 
179 217 
21 218 
59 218 
151 218 
152 218 
180 218 
193 218 
21 219 
59 219 
150 219 
181 219 
193 219 
22 220 
59 220 
149 220 
182 220 
192 220 
22 221 
59 221 
148 221 
182 221 
192 221 
22 222 
60 222 
146 222 
147 222 
183 222 
192 222 
22 223 
60 223 
145 223 
184 223 
193 223 
22 224 
60 224 
144 224 
185 224 
193 224 
23 225 
60 225 
143 225 
186 225 
193 225 
23 226 
60 226 
141 226 
142 226 
186 226 
23 227 
60 227 
140 227 
187 227 
23 228 
61 228 
139 228 
188 228 
23 229 
61 229 
138 229 
189 229 
23 230 
61 230 
136 230 
137 230 
190 230 
246 230 
24 231 
61 231 
135 231 
190 231 
247 231 
24 232 
61 232 
134 232 
191 232 
248 232 
24 233 
62 233 
133 233 
192 233 
248 233 
24 234 
62 234 
131 234 
132 234 
192 234 
248 234 
24 235 
62 235 
130 235 
192 235 
248 235 
24 236 
62 236 
129 236 
192 236 
248 236 
25 237 
62 237 
128 237 
190 237 
191 237 
247 237 
25 238 
62 238 
126 238 
127 238 
189 238 
246 238 
25 239 
63 239 
125 239 
188 239 
246 239 
25 240 
63 240 
124 240 
187 240 
245 240 
25 241 
63 241 
123 241 
185 241 
186 241 
243 241 
244 241 
245 241 
26 242 
63 242 
121 242 
122 242 
184 242 
235 242 
236 242 
241 242 
242 242 
245 242 
26 243 
63 243 
120 243 
183 243 
237 243 
238 243 
240 243 
245 243 
26 244 
64 244 
119 244 
182 244 
239 244 
246 244 
26 245 
64 245 
118 245 
180 245 
181 245 
246 245 
26 246 
64 246 
117 246 
179 246 
247 246 
26 247 
64 247 
117 247 
178 247 
247 247 
27 248 
63 248 
117 248 
177 248 
246 248 
27 249 
59 249 
60 249 
61 249 
62 249 
118 249 
175 249 
176 249 
245 249 
27 250 
53 250 
54 250 
55 250 
56 250 
57 250 
58 250 
119 250 
174 250 
244 250 
27 251 
48 251 
49 251 
50 251 
51 251 
52 251 
120 251 
173 251 
242 251 
243 251 
28 252 
43 252 
44 252 
45 252 
46 252 
47 252 
121 252 
171 252 
172 252 
240 252 
241 252 
28 253 
37 253 
38 253 
39 253 
40 253 
41 253 
42 253 
121 253 
170 253 
239 253 
29 254 
30 254 
31 254 
32 254 
33 254 
34 254 
35 254 
36 254 
122 254 
169 254 
123 255 
168 255 
124 256 
166 256 
167 256 
124 257 
165 257 
125 258 
164 258 
246 258 
126 259 
163 259 
246 259 
127 260 
161 260 
162 260 
246 260 
128 261 
160 261 
245 261 
128 262 
159 262 
245 262 
129 263 
157 263 
158 263 
172 263 
245 263 
130 264 
156 264 
171 264 
244 264 
131 265 
155 265 
166 265 
167 265 
168 265 
169 265 
170 265 
221 265 
222 265 
223 265 
224 265 
225 265 
244 265 
131 266 
154 266 
220 266 
226 266 
227 266 
228 266 
229 266 
132 267 
152 267 
153 267 
219 267 
230 267 
231 267 
232 267 
233 267 
133 268 
151 268 
219 268 
234 268 
235 268 
236 268 
237 268 
238 268 
134 269 
150 269 
219 269 
239 269 
240 269 
241 269 
242 269 
135 270 
149 270 
218 270 
243 270 
244 270 
245 270 
246 270 
247 270 
135 271 
147 271 
148 271 
218 271 
248 271 
249 271 
250 271 
251 271 
136 272 
146 272 
218 272 
252 272 
253 272 
254 272 
255 272 
137 273 
145 273 
218 273 
256 273 
257 273 
138 274 
144 274 
217 274 
258 274 
139 275 
142 275 
143 275 
161 275 
162 275 
217 275 
258 275 
140 276 
141 276 
160 276 
163 276 
217 276 
258 276 
150 277 
151 277 
159 277 
164 277 
217 277 
258 277 
152 278 
153 278 
154 278 
155 278 
157 278 
158 278 
165 278 
216 278 
258 278 
156 279 
166 279 
176 279 
177 279 
178 279 
216 279 
257 279 
167 280 
175 280 
179 280 
180 280 
216 280 
257 280 
168 281 
174 281 
181 281 
216 281 
257 281 
169 282 
172 282 
173 282 
182 282 
183 282 
184 282 
216 282 
257 282 
170 283 
171 283 
215 283 
256 283 
171 284 
215 284 
256 284 
164 285 
165 285 
166 285 
170 285 
215 285 
256 285 
167 286 
168 286 
169 286 
215 286 
256 286 
205 287 
214 287 
255 287 
205 288 
214 288 
255 288 
206 289 
214 289 
255 289 
264 289 
206 290 
214 290 
255 290 
263 290 
206 291 
213 291 
254 291 
264 291 
197 292 
206 292 
213 292 
254 292 
264 292 
198 293 
206 293 
213 293 
254 293 
264 293 
199 294 
206 294 
213 294 
254 294 
264 294 
200 295 
206 295 
212 295 
254 295 
264 295 
201 296 
212 296 
253 296 
264 296 
201 297 
212 297 
253 297 
260 297 
264 297 
89 298 
90 298 
91 298 
92 298 
202 298 
212 298 
253 298 
260 298 
265 298 
88 299 
93 299 
202 299 
212 299 
253 299 
261 299 
262 299 
263 299 
264 299 
87 300 
94 300 
203 300 
211 300 
252 300 
261 300 
85 301 
86 301 
95 301 
204 301 
211 301 
252 301 
259 301 
84 302 
96 302 
211 302 
252 302 
260 302 
83 303 
97 303 
211 303 
252 303 
260 303 
82 304 
98 304 
210 304 
251 304 
261 304 
81 305 
99 305 
210 305 
251 305 
261 305 
80 306 
100 306 
210 306 
251 306 
261 306 
79 307 
100 307 
210 307 
251 307 
262 307 
78 308 
101 308 
209 308 
250 308 
262 308 
77 309 
102 309 
209 309 
250 309 
263 309 
75 310 
76 310 
103 310 
209 310 
250 310 
258 310 
263 310 
74 311 
104 311 
209 311 
250 311 
259 311 
264 311 
73 312 
105 312 
208 312 
249 312 
259 312 
264 312 
72 313 
106 313 
208 313 
249 313 
259 313 
263 313 
71 314 
107 314 
208 314 
249 314 
260 314 
262 314 
70 315 
108 315 
208 315 
249 315 
260 315 
69 316 
108 316 
208 316 
248 316 
260 316 
68 317 
109 317 
207 317 
248 317 
260 317 
67 318 
110 318 
207 318 
248 318 
260 318 
66 319 
111 319 
207 319 
248 319 
260 319 
65 320 
112 320 
207 320 
247 320 
259 320 
64 321 
113 321 
206 321 
247 321 
259 321 
64 322 
114 322 
206 322 
247 322 
253 322 
259 322 
65 323 
115 323 
206 323 
247 323 
254 323 
258 323 
66 324 
115 324 
206 324 
247 324 
254 324 
258 324 
67 325 
116 325 
205 325 
246 325 
255 325 
257 325 
67 326 
117 326 
205 326 
246 326 
256 326 
68 327 
118 327 
205 327 
246 327 
69 328 
119 328 
205 328 
246 328 
70 329 
120 329 
205 329 
245 329 
257 329 
71 330 
121 330 
206 330 
245 330 
256 330 
72 331 
122 331 
207 331 
208 331 
209 331 
245 331 
256 331 
73 332 
123 332 
210 332 
211 332 
212 332 
213 332 
245 332 
255 332 
74 333 
123 333 
214 333 
215 333 
216 333 
217 333 
244 333 
254 333 
74 334 
124 334 
218 334 
219 334 
220 334 
221 334 
244 334 
253 334 
75 335 
125 335 
222 335 
223 335 
224 335 
225 335 
226 335 
244 335 
253 335 
76 336 
126 336 
227 336 
228 336 
229 336 
230 336 
244 336 
252 336 
68 337 
77 337 
127 337 
231 337 
232 337 
233 337 
234 337 
243 337 
249 337 
250 337 
251 337 
69 338 
78 338 
128 338 
235 338 
236 338 
237 338 
238 338 
243 338 
69 339 
79 339 
129 339 
239 339 
240 339 
241 339 
242 339 
70 340 
72 340 
80 340 
130 340 
71 341 
81 341 
131 341 
82 342 
131 342 
82 343 
132 343 
83 344 
133 344 
84 345 
134 345 
85 346 
134 346 
86 347 
134 347 
87 348 
134 348 
88 349 
133 349 
89 350 
132 350 
89 351 
131 351 
90 352 
129 352 
130 352 
91 353 
128 353 
92 354 
127 354 
93 355 
126 355 
94 356 
125 356 
95 357 
124 357 
96 358 
123 358 
97 359 
121 359 
122 359 
97 360 
120 360 
98 361 
119 361 
99 362 
118 362 
100 363 
117 363 
101 364 
116 364 
102 365 
114 365 
115 365 
103 366 
113 366 
104 367 
112 367 
105 368 
111 368 
252 368 
106 369 
110 369 
242 369 
252 369 
107 370 
109 370 
243 370 
244 370 
252 370 
108 371 
245 371 
251 371 
252 371 
245 372 
250 372 
253 372 
245 373 
250 373 
254 373 
245 374 
250 374 
245 375 
250 375 
246 376 
250 376 
247 377 
250 377 
248 378 
249 378 
271 411 
272 411 
273 411 
270 412 
274 412 
275 412 
270 413 
276 413 
270 414 
276 414 
270 415 
276 415 
272 416 
276 416 
272 417 
276 417 
273 418 
277 418 
273 419 
277 419 
272 420 
277 420 
271 421 
277 421 
271 422 
276 422 
272 423 
273 423 
274 423 
275 423 
